10
16
24
27
30
34
39
46
47
48
52
59
64
76
80
82
84
87
97
99
109
113
114
117
120
122
132
133
134
144
147
151
152
170
174
177
178
179
182
187
189
191
194
203
205
207
210
212
217
219
228
230
234
240
242
244
246
248
252
257
258
259
262
266
271
278
280
285
288
298
299
303
311
314
315
316
319
320
321
337
339
341
342
344
346
353
354
363
374
386
388
393
394
398
403
405
408
411
414
416
421
428
430
433
435
445
447
448
455
456
459
466
467
470
471
472
481
486
487
488
490
497
500
506
513
517
522
528
531
539
541
544
547
554
563
566
582
583
585
586
589
591
597
599
601
603
606
607
608
620
622
628
630
631
632
648
649
663
665
667
670
675
684
687
689
691
693
696
698
699
707
710
724
730
749
752
756
757
758
761
765
766
778
779
783
790
791
797
812
815
816
834
836
837
841
848
855
859
863
889
891
898
902
903
904
911
936
947
948
950
957
958
963
965
966
970
982
983
988
991
992
995
997
998
1000
1012
1023
1024
1027
1031
1033
1036
1039
1040
1041
1042
1045
1047
1066
1068
1070
1075
1077
1078
1080
1082
1088
1090
1093
1101
1103
1104
1106
1113
1115
1117
1119
1120
1121
1124
1128
1131
1135
1137
1138
1141
1144
1149
1161
1162
1173
1174
1175
1177
1180
1189
1190
1193
1199
1202
1206
1210
1212
1213
1229
1231
1243
1244
1256
1261
1270
1278
1286
1291
1292
1294
1295
1303
1310
1314
1315
1318
1325
1336
1350
1353
1357
1363
1379
1382
1388
1390
1397
1398
1399
1412
1419
1420
1422
1434
1435
1436
1438
1443
1446
1450
1458
1459
1475
1487
1488
1489
1492
1496
1499
1500
1503
1532
1533
1541
1545
1547
1548
1550
1555
1558
1561
1562
1567
1574
1579
1581
1587
1589
1592
1596
1597
1601
1605
1606
1609
1610
1613
1621
1623
1630
1635
1636
1650
1652
1653
1654
1663
1669
1670
1671
1686
1691
1698
1705
1710
1711
1713
1719
1720
1727
1728
1732
1735
1738
1740
1744
1747
1751
1753
1754
1757
1758
1759
1768
1769
1772
1779
1781
1783
1784
1788
1795
1800
1801
1802
1810
1814
1817
1830
1835
1836
1842
1846
1863
1870
1871
1874
1880
1883
1884
1894
1902
1906
1911
1919
1927
1934
1942
1943
1945
1947
1950
1954
1957
1962
1966
1968
1973
1975
1977
1979
1980
1983
1989
1998
2002
2004
2009
2011
2013
2016
2018
2021
2025
2027
2033
2035
2047
2054
2058
2062
2063
2066
2071
2074
2080
2087
2089
2093
2094
2095
2100
2104
2107
2129
2130
2144
2145
2149
2163
2166
2168
2169
2185
2187
2188
2202
2206
2207
2212
2213
2214
2223
2232
2239
2261
2265
2276
2278
2279
2281
2284
2298
2299
2300
2301
2303
2306
2309
2320
2323
2328
2330
2341
2343
2346
2349
2350
2351
2352
2354
2355
2356
2361
2366
2369
2372
2375
2378
2379
2383
2384
2390
2391
2392
2394
2405
2409
2415
2418
2426
2428
2430
2437
2448
2451
2452
2454
2462
2464
2466
2474
2476
2480
2489
2500
2514
2519
2521
2525
2540
2544
2545
2547
2560
2576
2578
2579
2580
2581
2583
2586
2587
2592
2593
2597
2599
2611
2619
2622
2630
2647
2658
2668
2671
2685
2687
2690
2693
2696
2701
2712
2718
2719
2722
2724
2725
2743
2744
2748
2754
2759
2762
2766
2768
2778
2782
2783
2790
2792
2797
2798
2805
2806
2807
2809
2811
2817
2822
2827
2828
2831
2832
2835
2837
2844
2845
2848
2849
2854
2861
2862
2865
2868
2869
2870
2876
2882
2889
2891
2900
2901
2903
2907
2911
2918
2922
2925
2929
2931
2935
2936
2943
2950
2953
2957
2958
2963
2970
2978
2979
2985
2997
3004
3006
3008
3017
3021
3026
3028
3044
3066
3068
3071
3082
3084
3085
3088
3089
3092
3095
3102
3103
3106
3107
3111
3113
3119
3125
3133
3136
3145
3151
3158
3162
3192
3195
3215
3217
3222
3227
3229
3233
3247
3275
3277
3288
3289
3314
3316
3317
3320
3321
3322
3327
3329
3332
3334
3338
3341
3345
3348
3349
3350
3354
3361
3362
3363
3364
3368
3369
3371
3375
3385
3396
3398
3403
3404
3407
3409
3411
3415
3425
3438
3439
3441
3445
3449
3454
3460
3465
3474
3475
3477
3479
3483
3492
3495
3496
3505
3509
3511
3517
3518
3521
3529
3538
3540
3547
3558
3560
3561
3563
3565
3566
3570
3571
3575
3576
3577
3580
3582
3586
3591
3594
3597
3601
3602
3609
3611
3612
3620
3632
3633
3636
3645
3648
3651
3656
3660
3681
3688
3691
3692
3694
3697
3702
3711
3714
3718
3719
3720
3722
3724
3727
3728
3732
3736
3738
3747
3748
3761
3766
3767
3776
3777
3778
3783
3789
3793
3802
3806
3811
3816
3817
3822
3824
3826
3831
3837
3839
3841
3844
3845
3853
3855
3857
3863
3868
3870
3877
3881
3882
3883
3888
3889
3890
3905
3912
3915
3916
3918
3924
3932
3934
3938
3941
3942
3945
3946
3950
3961
3964
3965
3979
3984
3986
3991
4001
4002
4007
4008
4009
4013
4017
4021
4027
4029
4032
4033
4034
4039
4042
4054
4058
4059
4066
4069
4071
4077
4080
4081
4083
4084
4101
4105
4107
4111
4113
4116
4123
4129
4130
4132
4135
4147
4150
4151
4152
4158
4162
4163
4164
4167
4169
4174
4180
4182
4185
4186
4206
4207
4208
4210
4212
4218
4222
4223
4224
4230
4235
4252
4262
4264
4277
4278
4279
4280
4285
4289
4294
4297
4298
4302
4303
4304
4306
4314
4315
4321
4325
4331
4340
4342
4343
4347
4348
4354
4356
4358
4359
4362
4369
4370
4381
4392
4393
4404
4419
4431
4442
4447
4451
4454
4456
4458
4460
4461
4463
4466
4469
4485
4486
4500
4501
4505
4510
4513
4518
4524
4525
4526
4529
4535
4543
4544
4549
4550
4551
4557
4559
4560
4566
4572
4574
4585
4588
4589
4590
4595
4605
4607
4611
4614
4619
4620
4622
4624
4625
4626
4631
4642
4643
4647
4652
4655
4656
4657
4664
4666
4680
4691
4693
4696
4698
4700
4703
4707
4708
4709
4712
4717
4725
4729
4730
4731
4737
4742
4762
4763
4766
4770
4771
4775
4776
4789
4791
4793
4794
4802
4805
4812
4813
4815
4816
4817
4820
4835
4837
4838
4846
4847
4853
4859
4869
4870
4875
4877
4878
4885
4886
4898
4900
4907
4909
4913
4916
4925
4927
4928
4929
4930
4932
4941
4942
4948
4956
4960
4961
4977
4985
4987
4990
5001
5014
5022
5023
5029
5031
5038
5046
5047
5050
5063
5066
5077
5078
5084
5086
5087
5089
5092
5105
5106
5113
5119
5124
5126
5136
5139
5141
5142
5144
5145
5146
5148
5151
5156
5157
5159
5162
5164
5168
5169
5171
5178
5182
5190
5191
5192
5198
5199
5201
5217
5218
5223
5232
5234
5237
5240
5243
5255
5258
5266
5269
5274
5275
5279
5294
5296
5302
5307
5311
5314
5316
5318
5322
5323
5325
5331
5333
5335
5337
5338
5340
5342
5343
5347
5354
5359
5360
5362
5363
5365
5376
5380
5381
5383
5384
5387
5396
5398
5400
5401
5402
5405
5408
5410
5417
5427
5429
5433
5435
5444
5446
5453
5454
5455
5456
5463
5474
5475
5483
5493
5494
5495
5496
5497
5504
5509
5511
5515
5516
5518
5519
5523
5526
5527
5528
5537
5546
5552
5553
5554
5559
5566
5568
5569
5573
5575
5580
5581
5582
5587
5589
5593
5598
5603
5605
5608
5613
5616
5623
5624
5637
5639
5642
5646
5652
5659
5660
5662
5664
5667
5671
5673
5674
5675
5676
5680
5686
5690
5692
5700
5701
5710
5713
5716
5721
5722
5724
5725
5727
5729
5732
5733
5734
5746
5747
5751
5754
5755
5757
5761
5764
5767
5769
5771
5776
5785
5789
5791
5797
5799
5803
5810
5811
5813
5817
5818
5819
5820
5823
5824
5826
5829
5831
5833
5834
5836
5840
5843
5844
5854
5866
5869
5870
5872
5873
5879
5882
5885
5887
5891
5892
5894
5895
5897
5911
5914
5915
5917
5921
5927
5935
5940
5943
5944
5946
5949
5951
5954
5964
5970
5972
5976
5981
5983
5986
5987
5989
5990
5993
5996
6008
6009
6012
6015
6016
6017
6019
6029
6040
6042
6044
6050
6054
6058
6067
6070
6075
6077
6079
6084
6086
6088
6091
6093
6094
6095
6097
6105
6110
6115
6118
6124
6133
6137
6139
6144
6145
6146
6148
6154
6155
6157
6181
6191
6193
6197
6201
6202
6203
6205
6211
6212
6216
6217
6220
6221
6225
6230
6236
6241
6244
6245
6246
6249
6252
6253
6255
6257
6262
6263
6266
6269
6271
6280
6281
6283
6285
6292
6293
6307
6312
6313
6322
6325
6327
6334
6335
6340
6349
6355
6357
6359
6368
6376
6385
6386
6393
6398
6402
6409
6412
6413
6418
6421
6423
6424
6428
6429
6432
6433
6437
6441
6443
6448
6453
6454
6455
6457
6459
6462
6467
6469
6473
6484
6491
6492
6502
6506
6508
6511
6516
6530
6534
6537
6542
6544
6547
6556
6558
6559
6566
6573
6575
6579
6585
6589
6592
6596
6597
6599
6601
6606
6609
6615
6616
6617
6619
6622
6623
6628
6629
6632
6633
6634
6643
6647
6648
6653
6659
6660
6661
6671
6672
6674
6678
6684
6690
6691
6692
6701
6702
6716
6717
6721
6722
6727
6732
6734
6741
6742
6750
6754
6758
6765
6766
6767
6771
6778
6780
6784
6786
6803
6805
6807
6828
6831
6845
6847
6854
6856
6868
6879
6882
6889
6895
6912
6914
6922
6924
6931
6933
6934
6935
6936
6937
6942
6945
6948
6951
6960
6962
6966
6972
6974
6978
6983
6984
6992
6994
6995
6996
6997
7000
7002
7008
7015
7017
7020
7023
7024
7025
7037
7040
7041
7043
7049
7051
7053
7059
7065
7066
7074
7075
7076
7077
7083
7093
7096
7100
7102
7103
7106
7108
7110
7123
7124
7129
7134
7139
7140
7146
7148
7152
7153
7157
7159
7162
7164
7165
7175
7182
7186
7187
7198
7210
7220
7221
7225
7226
7230
7236
7238
7241
7244
7247
7248
7252
7264
7265
7270
7272
7273
7275
7279
7283
7291
7297
7299
7300
7302
7307
7310
7321
7327
7328
7333
7349
7357
7361
7366
7367
7373
7374
7376
7381
7382
7387
7392
7415
7419
7423
7430
7437
7438
7439
7440
7441
7448
7462
7467
7472
7473
7475
7477
7480
7481
7483
7490
7491
7495
7499
7500
7518
7524
7536
7539
7541
7554
7558
7563
7570
7573
7574
7575
7576
7578
7579
7582
7585
7589
7590
7606
7609
7618
7622
7626
7638
7646
7647
7649
7651
7658
7659
7661
7664
7667
7669
7677
7682
7683
7692
7693
7705
7718
7725
7727
7728
7729
7730
7745
7760
7769
7770
7776
7778
7779
7784
7786
7789
7792
7795
7796
7799
7801
7804
7808
7822
7828
7834
7836
7839
7840
7843
7846
7850
7852
7854
7859
7868
7874
7878
7887
7888
7892
7895
7898
7900
7902
7903
7915
7916
7917
7921
7922
7924
7928
7935
7939
7940
7941
7942
7947
7963
7964
7967
7969
7982
7983
7985
7990
7994
7995
8010
8013
8015
8016
8017
8020
8026
8029
8034
8035
8038
8042
8049
8056
8066
8068
8070
8074
8090
8092
8093
8094
8101
8111
8112
8115
8125
8134
8135
8139
8145
8150
8151
8153
8156
8164
8172
8180
8181
8182
8185
8187
8192
8199
8204
8206
8209
8217
8220
8225
8230
8231
8243
8245
8249
8251
8253
8254
8256
8258
8261
8267
8268
8270
8271
8275
8278
8280
8285
8289
8290
8296
8312
8315
8320
8327
8329
8331
8334
8338
8341
8344
8345
8353
8357
8365
8367
8369
8370
8373
8377
8378
8379
8382
8387
8404
8407
8410
8411
8415
8417
8418
8419
8421
8423
8427
8434
8440
8441
8445
8448
8449
8453
8455
8456
8460
8461
8463
8466
8469
8475
8476
8477
8480
8482
8491
8492
8498
8505
8509
8510
8511
8516
8517
8518
8528
8541
8548
8568
8570
8574
8575
8577
8579
8581
8585
8586
8591
8592
8594
8599
8621
8628
8629
8632
8634
8640
8642
8648
8666
8679
8692
8700
8713
8714
8720
8721
8724
8726
8728
8729
8743
8748
8754
8760
8761
8762
8764
8766
8767
8769
8783
8787
8800
8804
8808
8816
8819
8822
8824
8825
8831
8836
8850
8855
8857
8858
8860
8869
8872
8878
8879
8882
8889
8890
8892
8906
8907
8912
8916
8919
8920
8928
8929
8930
8937
8942
8943
8944
8945
8946
8948
8949
8950
8953
8954
8962
8963
8967
8968
8969
8982
8991
8993
8999
9003
9004
9009
9012
9020
9022
9024
9039
9043
9047
9054
9055
9057
9060
9065
9067
9074
9091
9095
9097
9100
9106
9107
9108
9110
9114
9117
9118
9122
9126
9128
9130
9133
9136
9137
9158
9166
9171
9174
9185
9187
9208
9212
9230
9231
9240
9242
9252
9254
9263
9272
9289
9290
9292
9293
9294
9295
9296
9311
9320
9322
9325
9330
9339
9342
9343
9344
9349
9352
9357
9370
9371
9375
9377
9379
9380
9391
9394
9395
9406
9407
9411
9414
9426
9427
9431
9432
9440
9444
9462
9463
9479
9481
9484
9485
9489
9496
9498
9504
9505
9506
9511
9512
9515
9524
9525
9529
9532
9547
9554
9555
9570
9571
9578
9580
9588
9597
9598
9601
9602
9603
9604
9606
9608
9610
9611
9612
9616
9619
9623
9624
9629
9643
9645
9647
9649
9652
9659
9671
9684
9687
9695
9697
9700
9707
9711
9712
9714
9716
9717
9718
9722
9723
9725
9727
9738
9747
9750
9762
9767
9773
9776
9780
9786
9789
9790
9791
9792
9793
9802
9803
9808
9816
9817
9818
9820
9821
9823
9827
9828
9836
9841
9845
9847
9849
9852
9853
9855
9856
9858
9862
9873
9874
9894
9898
9902
9908
9911
9913
9915
9924
9925
9938
9939
9941
9943
9944
9945
9948
9950
9963
9971
9972
9973
9976
9977
9979
9981
9984
9985
9987
10005
10009
10017
10018
10024
10027
10030
10032
10038
10043
10044
10050
10086
10090
10092
10093
10095
10098
10102
10113
10116
10117
10120
10128
10132
10135
10142
10145
10150
10156
10159
10162
10163
10167
10170
10171
10175
10186
10187
10188
10190
10191
10195
10200
10201
10210
10214
10215
10217
10218
10219
10221
10225
10227
10232
10243
10244
10250
10259
10280
10284
10287
10288
10297
10311
10312
10319
10324
10329
10335
10342
10343
10349
10351
10352
10355
10377
10391
10392
10393
10394
10397
10400
10406
10410
10413
10416
10417
10420
10424
10426
10434
10436
10438
10442
10444
10449
10450
10453
10454
10456
10474
10475
10476
10477
10478
10480
10491
10493
10496
10497
10500
10503
10505
10509
10531
10541
10542
10543
10546
10552
10554
10557
10563
10565
10570
10573
10603
10621
10625
10628
10631
10635
10640
10642
10645
10651
10657
10659
10660
10665
10670
10671
10677
10681
10687
10689
10705
10722
10723
10731
10735
10746
10748
10750
10761
10764
10788
10789
10790
10791
10798
10799
10801
10804
10806
10810
10811
10814
10815
10817
10825
10827
10829
10832
10834
10837
10843
10844
10846
10851
10854
10861
10864
10866
10869
10871
10872
10875
10876
10885
10886
10888
10896
10898
10899
10902
10903
10907
10908
10919
10923
10927
10936
10938
10941
10949
10951
10956
10961
10963
10974
10978
10995
10996
10999
11015
11024
11025
11027
11029
11034
11038
11043
11049
11057
11060
11062
11067
11068
11071
11080
11081
11091
11092
11099
11104
11108
11116
11120
11125
11126
11128
11134
11135
11137
11150
11151
11179
11183
11190
11192
11206
11210
11215
11216
11217
11219
11222
11223
11229
11230
11244
11245
11249
11257
11261
11266
11272
11278
11280
11287
11289
11296
11300
11304
11307
11311
11317
11321
11322
11327
11331
11334
11335
11340
11341
11355
11356
11358
11362
11364
11366
11370
11378
11380
11382
11385
11398
11399
11401
11403
11405
11412
11415
11418
11419
11427
11441
11450
11452
11456
11463
11468
11470
11473
11474
11488
11497
11508
11512
11513
11514
11516
11529
11532
11536
11540
11545
11550
11551
11552
11554
11559
11570
11572
11573
11580
11583
11592
11595
11596
11602
11619
11621
11623
11625
11626
11628
11629
11630
11634
11636
11637
11638
11642
11645
11660
11667
11672
11675
11679
11684
11691
11700
11702
11703
11713
11724
11732
11733
11737
11745
11747
11757
11758
11759
11761
11762
11765
11768
11774
11778
11783
11801
11803
11814
11818
11821
11822
11835
11836
11846
11860
11869
11872
11896
11901
11903
11904
11906
11910
11915
11916
11921
11923
11926
11927
11928
11930
11934
11942
11944
11950
11956
11965
11970
11978
11988
11991
11992
11994
11998
11999
12000
12006
12010
12017
12027
12028
12030
12035
12036
12037
12041
12042
12045
12047
12054
12062
12069
12076
12078
12079
12081
12083
12086
12094
12100
12109
12111
12113
12117
12119
12122
12128
12131
12134
12140
12142
12144
12147
12152
12157
12158
12163
12164
12172
12180
12181
12183
12187
12191
12193
12208
12215
12219
12227
12229
12239
12243
12250
12255
12277
12278
12280
12282
12285
12292
12293
12295
12297
12306
12308
12316
12319
12323
12333
12347
12349
12358
12359
12363
12364
12365
12366
12371
12373
12374
12377
12378
12381
12383
12389
12396
12408
12410
12419
12422
12424
12430
12437
12441
12447
12450
12457
12460
12464
12468
12473
12479
12480
12496
12503
12505
12509
12512
12516
12519
12525
12526
12527
12538
12540
12542
12543
12544
12550
12552
12554
12555
12559
12561
12563
12564
12565
12567
12576
12579
12580
12586
12587
12588
12591
12592
12594
12603
12605
12612
12619
12621
12632
12644
12650
12657
12669
12670
12671
12673
12676
12677
12678
12683
12685
12686
12688
12689
12707
12708
12711
12715
12721
12723
12724
12725
12730
12739
12740
12746
12748
12750
12754
12755
12761
12762
12768
12772
12773
12774
12777
12781
12793
12795
12798
12808
12814
12821
12833
12836
12839
12840
12851
12854
12855
12859
12863
12867
12870
12876
12893
12894
12896
12898
12902
12911
12918
12926
12927
12937
12942
12947
12958
12963
12970
12972
12973
12980
13000
13002
13004
13012
13015
13019
13028
13031
13039
13044
13051
13056
13057
13059
13062
13063
13076
13086
13098
13100
13109
13111
13113
13119
13123
13127
13140
13141
13145
13151
13159
13160
13166
13171
13173
13177
13183
13188
13192
13194
13197
13199
13205
13209
13210
13214
13215
13217
13222
13224
13227
13234
13239
13240
13247
13248
13249
13253
13256
13257
13259
13261
13262
13266
13267
13269
13271
13276
13279
13282
13285
13289
13292
13299
13300
13310
13315
13317
13322
13333
13334
13335
13346
13348
13359
13373
13380
13396
13403
13407
13409
13410
13420
13440
13441
13447
13465
13466
13469
13471
13476
13478
13480
13483
13485
13488
13493
13497
13509
13517
13519
13524
13526
13527
13529
13538
13548
13549
13559
13562
13563
13567
13568
13571
13575
13578
13581
13583
13585
13587
13591
13592
13594
13597
13600
13604
13606
13607
13610
13616
13617
13618
13621
13622
13626
13628
13633
13634
13637
13639
13644
13645
13647
13649
13650
13653
13660
13664
13665
13668
13672
13675
13677
13678
13680
13681
13684
13698
13699
13701
13703
13715
13717
13722
13725
13727
13744
13745
13746
13755
13757
13766
13769
13770
13771
13773
13780
13785
13786
13789
13795
13801
13807
13809
13814
13816
13818
13819
13821
13822
13824
13833
13835
13837
13839
13840
13844
13846
13848
13850
13852
13858
13860
13863
13865
13866
13869
13870
13871
13872
13877
13881
13885
13887
13888
13889
13891
13907
13911
13912
13920
13921
13924
13925
13938
13944
13946
13948
13949
13950
13952
13958
13960
13966
13971
13975
13984
13989
13990
13992
13996
13999
14026
14072
14075
14080
14085
14086
14098
14107
14119
14123
14128
14137
14142
14148
14154
14160
14170
14176
14178
14186
14187
14188
14191
14195
14196
14205
14209
14212
14217
14226
14235
14237
14238
14239
14243
14247
14250
14251
14258
14259
14271
14274
14275
14277
14280
14281
14285
14289
14292
14293
14296
14298
14303
14304
14308
14309
14316
14327
14339
14340
14343
14346
14357
14360
14365
14366
14373
14374
14383
14387
14388
14389
14395
14398
14403
14405
14406
14407
14408
14409
14414
14419
14421
14430
14431
14435
14436
14437
14441
14443
14445
14451
14452
14455
14458
14461
14465
14473
14477
14484
14487
14492
14499
14500
14501
14507
14510
14517
14535
14536
14538
14539
14543
14549
14552
14557
14561
14568
14570
14571
14573
14582
14593
14595
14599
14602
14606
14612
14615
14623
14637
14642
14653
14661
14665
14666
14667
14670
14671
14674
14676
14679
14690
14692
14699
14703
14718
14720
14722
14723
14731
14735
14737
14738
14739
14741
14743
14767
14785
14786
14788
14796
14799
14800
14802
14817
14818
14822
14823
14824
14829
14832
14835
14846
14851
14853
14858
14863
14868
14875
14882
14889
14890
14896
14900
14905
14907
14909
14913
14915
14918
14924
14930
14932
14933
14934
14940
14943
14944
14957
14961
14964
14975
14979
14998
15024
15041
15042
15044
15047
15049
15054
15057
15058
15065
15068
15074
15075
15078
15081
15082
15086
15090
15094
15100
15102
15104
15105
15108
15111
15113
15123
15127
15130
15137
15139
15148
15153
15155
15157
15163
15165
15167
15171
15172
15178
15182
15197
15198
15202
15208
15209
15210
15212
15214
15216
15222
15225
15228
15230
15233
15235
15238
15241
15242
15243
15248
15257
15261
15264
15265
15268
15270
15274
15286
15291
15292
15294
15306
15315
15320
15321
15322
15323
15325
15338
15346
15347
15355
15361
15364
15370
15373
15374
15381
15382
15390
15393
15397
15399
15403
15405
15416
15420
15422
15427
15431
15439
15448
15458
15463
15476
15479
15485
15486
15495
15496
15502
15507
15511
15512
15513
15515
15516
15519
15520
15525
15526
15535
15538
15539
15542
15552
15558
15559
15561
15567
15569
15570
15572
15575
15577
15586
15592
15595
15600
15603
15604
15605
15620
15621
15627
15630
15637
15640
15643
15647
15650
15652
15665
15671
15676
15682
15686
15691
15698
15702
15712
15713
15716
15722
15723
15724
15731
15735
15738
15739
15746
15750
15757
15759
15762
15764
15765
15772
15780
15782
15815
15822
15830
15844
15847
15848
15851
15857
15858
15860
15861
15878
15894
15902
15907
15914
15915
15921
15943
15946
15954
15957
15959
15960
15963
15979
15992
16007
16010
16014
16015
16017
16018
16021
16024
16027
16029
16031
16035
16037
16040
16042
16043
16045
16046
16047
16049
16051
16053
16057
16058
16066
16067
16070
16072
16075
16076
16079
16081
16082
16084
16087
16089
16092
16094
16100
16108
16112
16113
16117
16118
16122
16124
16126
16127
16133
16139
16159
16168
16177
16180
16189
16190
16191
16201
16215
16218
16225
16228
16231
16241
16247
16250
16255
16261
16262
16270
16272
16276
16277
16281
16282
16284
16290
16295
16296
16298
16304
16312
16321
16323
16326
16327
16336
16338
16344
16346
16348
16356
16384
16392
16393
16409
16413
16417
16419
16420
16425
16435
16440
16442
16443
16454
16457
16459
16461
16472
16473
16481
16485
16486
16489
16496
16499
16500
16508
16514
16516
16522
16524
16543
16546
16563
16565
16575
16576
16578
16586
16587
16595
16597
16599
16602
16606
16607
16613
16614
16616
16620
16628
16631
16635
16636
16640
16643
16647
16648
16650
16651
16660
16670
16674
16679
16685
16697
16703
16705
16706
16711
16715
16717
16721
16726
16730
16732
16733
16736
16738
16739
16741
16744
16749
16750
16751
16754
16755
16759
16764
16766
16769
16770
16772
16773
16775
16777
16778
16779
16780
16784
16787
16790
16792
16793
16794
16795
16801
16803
16810
16814
16820
16823
16838
16839
16843
16853
16855
16857
16863
16864
16871
16873
16878
16893
16897
16900
16906
16909
16910
16913
16918
16919
16920
16926
16927
16933
16936
16943
16945
16948
16955
16956
16960
16965
16968
16975
16982
16997
17003
17007
17011
17014
17018
17019
17026
17028
17034
17042
17043
17044
17045
17046
17066
17067
17070
17071
17073
17076
17087
17095
17105
17110
17112
17114
17115
17116
17117
17119
17120
17121
17123
17124
17125
17126
17129
17135
17139
17140
17147
17148
17151
17154
17158
17162
17163
17165
17170
17173
17174
17187
17196
17199
17209
17212
17223
17227
17229
17234
17239
17242
17243
17244
17246
17249
17254
17256
17272
17273
17274
17283
17288
17296
17297
17304
17305
17312
17313
17315
17316
17317
17323
17325
17327
17329
17331
17334
17336
17338
17340
17342
17347
17354
17356
17357
17358
17359
17361
17364
17365
17371
17374
17376
17380
17387
17389
17392
17399
17400
17401
17402
17406
17416
17420
17422
17434
17475
17477
17482
17483
17487
17490
17492
17498
17499
17500
17501
17503
17504
17515
17517
17520
17521
17524
17525
17530
17534
17538
17540
17543
17547
17553
17558
17561
17563
17566
17567
17572
17574
17576
17582
17587
17590
17591
17593
17596
17598
17600
17602
17603
17606
17608
17609
17612
17615
17616
17619
17620
17623
17626
17633
17635
17636
17638
17651
17655
17658
17675
17679
17681
17688
17689
17708
17709
17714
17721
17732
17747
17764
17777
17782
17783
17784
17785
17786
17790
17791
17793
17795
17798
17801
17803
17808
17813
17814
17816
17824
17834
17843
17850
17859
17860
17864
17866
17867
17869
17874
17876
17878
17880
17882
17883
17884
17890
17891
17895
17896
17897
17904
17915
17921
17930
17933
17948
17956
17963
17966
17970
17974
17980
17983
17986
17987
17991
17994
18001
18003
18009
18014
18015
18018
18020
18022
18035
18036
18037
18042
18047
18052
18053
18059
18062
18073
18074
18079
18082
18088
18091
18096
18100
18107
18111
18119
18121
18122
18137
18141
18145
18147
18148
18149
18151
18154
18155
18156
18157
18162
18168
18170
18175
18181
18183
18185
18186
18187
18188
18192
18194
18196
18200
18203
18205
18209
18216
18220
18221
18222
18224
18225
18227
18231
18235
18236
18237
18245
18247
18250
18252
18254
18258
18259
18260
18263
18270
18273
18275
18290
18293
18298
18301
18305
18308
18309
18317
18318
18321
18326
18334
18337
18339
18347
18350
18353
18360
18371
18372
18379
18383
18386
18390
18399
18404
18406
18408
18411
18413
18416
18417
18420
18423
18443
18449
18450
18453
18458
18459
18468
18472
18473
18475
18477
18485
18492
18498
18503
18506
18509
18512
18516
18521
18522
18523
18526
18528
18531
18547
18554
18557
18566
18572
18586
18600
18602
18606
18607
18612
18615
18617
18620
18621
18622
18624
18626
18631
18632
18639
18644
18645
18647
18651
18654
18663
18666
18668
18670
18671
18674
18682
18685
18690
18697
18702
18704
18711
18734
18735
18741
18742
18753
18756
18760
18763
18764
18769
18770
18772
18783
18784
18788
18791
18814
18815
18821
18830
18842
18843
18847
18854
18856
18875
18880
18882
18904
18908
18911
18915
18924
18925
18928
18932
18938
18939
18940
18945
18947
18948
18949
18950
18959
18964
18965
18968
18972
18976
18978
18981
18982
18985
18988
18990
18991
18994
18998
19000
19001
19004
19009
19015
19017
19019
19029
19031
19032
19034
19050
19063
19064
19076
19082
19084
19089
19094
19101
19104
19112
19114
19115
19117
19122
19123
19126
19131
19133
19135
19137
19145
19148
19152
19154
19159
19160
19170
19172
19173
19186
19203
19211
19213
19217
19226
19228
19232
19233
19234
19235
19238
19242
19243
19247
19248
19250
19251
19254
19255
19264
19267
19268
19269
19275
19277
19285
19287
19288
19292
19302
19324
19326
19330
19339
19342
19346
19347
19350
19351
19354
19356
19360
19363
19367
19377
19388
19389
19391
19392
19393
19395
19400
19410
19412
19413
19414
19416
19426
19427
19428
19440
19450
19451
19454
19470
19471
19479
19480
19481
19496
19514
19521
19522
19529
19530
19532
19538
19545
19560
19567
19569
19571
19576
19594
19596
19610
19614
19620
19629
19635
19640
19643
19646
19649
19651
19653
19660
19663
19674
19681
19684
19687
19688
19692
19696
19697
19705
19707
19709
19713
19715
19717
19719
19720
19723
19725
19728
19732
19733
19738
19740
19746
19766
19771
19773
19775
19776
19777
19779
19782
19784
19789
19792
19800
19801
19813
19814
19816
19823
19829
19832
19836
19842
19844
19845
19850
19853
19858
19862
19866
19867
19873
19876
19883
19884
19894
19904
19912
19921
19923
19926
19933
19936
19938
19940
19948
19949
19950
19955
19975
19976
19980
19983
19985
19986
19989
19996
19999
20004
20005
20006
20007
20014
20019
20025
20036
20042
20055
20062
20071
20073
20075
20085
20088
20091
20092
20097
20099
20100
20101
20108
20120
20128
20129
20130
20132
20134
20145
20152
20156
20159
20170
20171
20172
20173
20175
20178
20180
20181
20185
20195
20196
20207
20210
20216
20219
20223
20252
20261
20262
20267
20269
20270
20278
20279
20280
20293
20294
20297
20299
20302
20318
20319
20325
20335
20346
20355
20356
20359
20363
20368
20369
20370
20374
20376
20377
20378
20380
20381
20384
20392
20399
20400
20402
20407
20411
20412
20418
20426
20432
20435
20442
20445
20446
20451
20452
20453
20471
20475
20484
20486
20490
20492
20496
20499
20504
20505
20519
20524
20546
20551
20556
20557
20573
20577
20591
20593
20596
20608
20609
20610
20613
20616
20643
20650
20653
20655
20658
20660
20665
20668
20673
20683
20689
20690
20691
20693
20707
20715
20719
20726
20738
20741
20759
20760
20769
20771
20775
20777
20780
20788
20795
20799
20800
20803
20808
20818
20822
20836
20838
20839
20845
20846
20847
20848
20849
20850
20854
20855
20858
20863
20865
20866
20871
20872
20873
20876
20879
20881
20894
20905
20912
20913
20921
20932
20952
20980
20983
20990
20992
20994
20996
21002
21007
21010
21023
21032
21035
21042
21045
21046
21052
21056
21059
21060
21063
21064
21066
21070
21074
21082
21090
21096
21099
21101
21103
21104
21105
21108
21111
21113
21123
21125
21127
21129
21131
21134
21135
21136
21145
21147
21148
21150
21156
21157
21158
21161
21162
21165
21175
21176
21178
21183
21186
21192
21193
21197
21201
21206
21219
21220
21225
21227
21231
21238
21244
21253
21262
21265
21276
21282
21295
21304
21318
21322
21323
21324
21325
21333
21336
21339
21340
21344
21345
21347
21355
21356
21357
21365
21366
21368
21370
21371
21373
21382
21388
21393
21395
21396
21403
21411
21416
21417
21419
21421
21425
21428
21436
21448
21457
21458
21460
21463
21464
21472
21482
21489
21491
21497
21499
21503
21507
21512
21514
21521
21524
21527
21531
21532
21539
21543
21545
21546
21549
21554
21555
21556
21558
21564
21568
21572
21573
21585
21601
21603
21604
21609
21610
21611
21614
21617
21620
21623
21628
21630
21634
21637
21639
21641
21642
21643
21653
21656
21665
21669
21672
21676
21689
21701
21703
21704
21705
21708
21735
21737
21738
21748
21770
21784
21785
21788
21790
21797
21799
21805
21810
21813
21827
21830
21832
21834
21836
21837
21839
21851
21857
21865
21871
21877
21879
21880
21887
21888
21894
21897
21903
21905
21916
21923
21925
21926
21928
21930
21938
21939
21941
21942
21944
21954
21958
21961
21964
21965
21966
21972
21979
21996
22003
22008
22011
22014
22018
22021
22029
22032
22034
22044
22045
22049
22051
22053
22058
22061
22063
22070
22075
22084
22085
22102
22106
22111
22112
22118
22120
22131
22136
22138
22148
22150
22151
22154
22157
22160
22161
22163
22164
22169
22178
22181
22182
22184
22187
22193
22197
22203
22206
22208
22212
22214
22221
22223
22233
22239
22277
22282
22293
22310
22313
22316
22321
22324
22338
22340
22346
22347
22349
22352
22363
22374
22381
22382
22387
22395
22400
22401
22403
22405
22414
22415
22418
22420
22426
22427
22428
22431
22437
22450
22453
22455
22457
22458
22460
22464
22466
22468
22475
22478
22479
22484
22486
22488
22491
22492
22493
22495
22498
22500
22502
22506
22507
22509
22511
22512
22514
22519
22523
22524
22526
22533
22534
22535
22538
22549
22552
22554
22555
22561
22563
22567
22576
22578
22580
22586
22587
22591
22592
22603
22605
22607
22609
22611
22616
22617
22618
22633
22645
22651
22653
22654
22655
22656
22657
22659
22684
22686
22687
22692
22693
22695
22696
22697
22706
22709
22718
22720
22726
22727
22729
22731
22736
22737
22740
22746
22748
22749
22750
22775
22781
22782
22790
22793
22795
22798
22800
22802
22805
22806
22810
22814
22815
22824
22829
22833
22848
22856
22857
22858
22859
22860
22863
22887
22890
22903
22906
22914
22916
22918
22919
22921
22924
22925
22926
22927
22931
22932
22935
22941
22942
22944
22947
22960
22962
22976
22977
22982
22984
22990
22999
23001
23010
23011
23015
23017
23020
23027
23029
23036
23041
23046
23051
23055
23059
23060
23064
23069
23075
23077
23092
23102
23103
23106
23108
23109
23110
23111
23119
23120
23124
23125
23126
23138
23139
23140
23142
23147
23150
23154
23163
23166
23167
23169
23171
23172
23174
23188
23191
23197
23213
23218
23221
23224
23227
23228
23233
23234
23235
23241
23247
23248
23250
23253
23258
23260
23263
23264
23266
23279
23291
23308
23309
23312
23314
23316
23322
23326
23328
23330
23338
23340
23341
23343
23348
23355
23357
23371
23375
23376
23379
23382
23390
23393
23396
23399
23402
23403
23404
23405
23406
23407
23408
23409
23417
23419
23420
23423
23429
23431
23435
23440
23444
23446
23452
23453
23458
23462
23470
23474
23477
23479
23489
23492
23499
23503
23510
23516
23519
23523
23531
23532
23537
23539
23540
23542
23543
23545
23552
23556
23557
23561
23562
23566
23572
23578
23586
23591
23595
23606
23607
23611
23625
23632
23634
23642
23647
23655
23661
23666
23676
23677
23692
23693
23699
23704
23728
23731
23733
23734
23737
23738
23741
23745
23746
23749
23751
23754
23756
23757
23758
23762
23764
23765
23766
23768
23775
23782
23786
23792
23793
23795
23796
23797
23801
23802
23805
23806
23808
23813
23818
23828
23829
23831
23840
23842
23844
23845
23853
23855
23864
23865
23867
23875
23880
23892
23900
23901
23909
23916
23924
23926
23927
23930
23931
23932
23941
23945
23947
23949
23950
23952
23956
23963
23964
23972
23978
23979
23982
23984
23985
23991
23993
23994
23999
24001
24003
24009
24011
24024
24026
24033
24035
24036
24039
24045
24051
24053
24054
24058
24059
24063
24064
24067
24073
24084
24088
24090
24095
24098
24103
24105
24106
24108
24109
24115
24121
24123
24129
24133
24134
24136
24140
24144
24150
24159
24160
24166
24169
24173
24174
24183
24193
24198
24199
24201
24206
24213
24214
24216
24217
24225
24232
24239
24243
24246
24252
24259
24264
24277
24282
24290
24294
24295
24301
24302
24308
24311
24314
24317
24318
24319
24320
24321
24324
24325
24327
24335
24336
24337
24344
24347
24350
24352
24353
24357
24364
24369
24370
24371
24375
24376
24390
24392
24402
24408
24413
24417
24421
24429
24431
24432
24434
24435
24445
24452
24458
24464
24466
24467
24469
24474
24478
24481
24482
24483
24484
24486
24498
24499
24501
24502
24509
24513
24514
24517
24518
24522
24523
24527
24534
24535
24536
24540
24543
24546
24550
24552
24557
24561
24564
24566
24572
24582
24587
24591
24606
24620
24625
24637
24645
24648
24654
24656
24659
24660
24665
24669
24671
24673
24675
24682
24684
24686
24687
24690
24691
24694
24695
24701
24702
24705
24706
24708
24711
24715
24718
24726
24740
24742
24751
24757
24758
24759
24760
24763
24765
24766
24768
24770
24772
24775
24785
24787
24791
24796
24799
24801
24803
24806
24808
24809
24810
24814
24817
24818
24823
24837
24838
24858
24859
24860
24864
24866
24872
24882
24891
24894
24896
24899
24900
24904
24906
24910
24912
24914
24918
24919
24920
24921
24924
24928
24931
24934
24935
24936
24940
24943
24946
24948
24953
24956
24958
24963
24967
24977
24982
24987
24988
24991
24997
24998
25003
25010
25013
25030
25034
25035
25041
25047
25049
25054
25066
25070
25075
25076
25078
25081
25084
25093
25094
25095
25105
25110
25111
25117
25119
25127
25129
25132
25137
25138
25143
25148
25149
25153
25155
25165
25171
25175
25181
25187
25194
25198
25204
25208
25211
25212
25216
25218
25221
25228
25234
25238
25244
25245
25247
25249
25251
25254
25256
25264
25269
25271
25274
25276
25284
25285
25297
25298
25303
25309
25311
25312
25315
25327
25334
25335
25341
25343
25344
25345
25346
25359
25366
25368
25370
25380
25384
25385
25387
25388
25390
25394
25396
25401
25407
25410
25413
25415
25418
25419
25428
25430
25431
25434
25441
25445
25450
25454
25460
25461
25464
25472
25475
25484
25489
25497
25498
25500
25502
25513
25517
25524
25525
25526
25527
25529
25532
25533
25535
25536
25541
25544
25547
25548
25549
25551
25556
25557
25558
25561
25562
25566
25567
25571
25572
25574
25582
25587
25588
25591
25597
25605
25613
25617
25620
25629
25636
25638
25651
25658
25660
25662
25666
25668
25669
25671
25675
25678
25681
25684
25688
25690
25691
25693
25694
25695
25696
25700
25701
25705
25706
25709
25714
25723
25729
25742
25745
25757
25761
25765
25768
25771
25778
25786
25787
25793
25795
25800
25803
25811
25815
25816
25821
25833
25848
25851
25854
25855
25860
25861
25865
25867
25876
25877
25888
25891
25896
25897
25898
25900
25901
25907
25913
25917
25921
25926
25930
25931
25935
25945
25949
25952
25958
25963
25964
25965
25974
25975
25977
25990
26008
26009
26010
26019
26021
26022
26023
26029
26031
26034
26036
26042
26045
26058
26062
26067
26069
26073
26081
26083
26085
26099
26108
26112
26116
26119
26143
26146
26153
26154
26165
26178
26181
26183
26184
26186
26190
26191
26203
26205
26207
26210
26212
26213
26220
26221
26223
26225
26233
26238
26240
26245
26246
26248
26256
26257
26263
26268
26277
26286
26288
26296
26306
26315
26317
26319
26320
26322
26329
26332
26336
26356
26362
26365
26369
26370
26371
26372
26377
26379
26388
26390
26393
26400
26407
26413
26420
26423
26426
26427
26430
26433
26434
26439
26440
26447
26450
26454
26462
26463
26471
26472
26475
26477
26479
26489
26491
26494
26495
26497
26503
26505
26508
26518
26521
26544
26552
26553
26554
26559
26563
26564
26571
26573
26580
26582
26590
26592
26594
26595
26598
26601
26604
26610
26611
26612
26618
26620
26628
26635
26644
26647
26658
26660
26665
26670
26671
26678
26685
26693
26709
26711
26715
26719
26723
26724
26728
26729
26731
26734
26739
26742
26743
26753
26757
26762
26766
26767
26771
26773
26780
26786
26795
26799
26801
26803
26805
26807
26812
26813
26814
26817
26823
26827
26834
26838
26841
26842
26847
26848
26852
26856
26866
26868
26873
26879
26880
26881
26882
26891
26916
26918
26929
26932
26936
26937
26938
26939
26945
26950
26953
26954
26962
26972
26974
26979
26980
26982
26983
26989
26990
26993
27000
27002
27007
27009
27012
27019
27023
27029
27031
27032
27043
27045
27046
27047
27052
27054
27055
27056
27066
27068
27072
27077
27090
27095
27097
27098
27106
27111
27112
27113
27115
27119
27120
27121
27122
27126
27129
27132
27141
27150
27153
27164
27170
27175
27181
27182
27187
27188
27191
27194
27196
27199
27200
27206
27207
27209
27210
27212
27215
27224
27225
27232
27235
27237
27238
27240
27253
27254
27258
27260
27262
27275
27280
27282
27285
27290
27292
27299
27302
27304
27311
27312
27320
27321
27329
27333
27335
27347
27352
27355
27356
27357
27363
27367
27368
27374
27380
27382
27383
27401
27403
27406
27417
27420
27431
27433
27444
27449
27457
27459
27472
27474
27475
27478
27481
27484
27485
27488
27492
27493
27496
27497
27503
27507
27509
27519
27520
27524
27527
27529
27535
27540
27544
27545
27553
27554
27556
27566
27571
27584
27587
27589
27590
27594
27596
27597
27599
27605
27614
27615
27618
27619
27620
27621
27630
27637
27638
27639
27643
27644
27654
27656
27659
27665
27671
27675
27686
27699
27700
27701
27709
27711
27716
27733
27746
27757
27758
27760
27761
27762
27763
27765
27766
27769
27773
27774
27798
27803
27812
27821
27839
27840
27845
27862
27864
27873
27874
27888
27890
27896
27901
27910
27931
27945
27949
27956
27958
27959
27962
27965
27966
27968
27970
27974
27978
27980
27985
27987
27989
27992
27999
28004
28007
28010
28020
28026
28038
28045
28055
28061
28071
28075
28076
28086
28100
28110
28117
28127
28131
28133
28134
28136
28138
28139
28147
28150
28155
28156
28157
28167
28168
28169
28175
28176
28181
28186
28187
28194
28195
28212
28221
28227
28229
28230
28231
28234
28238
28240
28243
28244
28254
28258
28259
28261
28265
28267
28268
28283
28287
28291
28292
28295
28299
28300
28302
28303
28309
28312
28314
28321
28323
28324
28326
28337
28340
28345
28348
28349
28352
28354
28355
28357
28360
28366
28376
28378
28381
28385
28394
28396
28397
28398
28401
28405
28406
28407
28412
28413
28417
28421
28426
28439
28442
28445
28451
28453
28454
28460
28462
28464
28467
28484
28491
28494
28499
28503
28506
28507
28509
28510
28511
28514
28517
28522
28523
28524
28525
28530
28533
28534
28537
28538
28541
28547
28548
28549
28550
28555
28560
28562
28568
28570
28574
28576
28577
28580
28584
28585
28588
28598
28599
28601
28605
28607
28608
28616
28623
28626
28629
28643
28644
28650
28652
28656
28659
28661
28666
28671
28686
28693
28697
28698
28700
28702
28717
28718
28719
28720
28723
28729
28731
28734
28735
28737
28740
28742
28743
28745
28746
28749
28754
28757
28758
28761
28765
28766
28775
28779
28780
28782
28783
28785
28786
28787
28790
28795
28798
28803
28821
28828
28837
28849
28853
28854
28855
28856
28857
28864
28865
28866
28873
28874
28876
28885
28887
28890
28900
28911
28915
28920
28933
28948
28952
28953
28954
28956
28961
28964
28965
28972
28976
28978
28979
28984
28985
28987
28988
29009
29011
29018
29020
29023
29027
29029
29032
29033
29040
29041
29052
29056
29057
29061
29064
29065
29070
29086
29098
29100
29102
29112
29113
29114
29118
29124
29148
29163
29176
29185
29205
29214
29216
29224
29226
29227
29228
29231
29232
29233
29238
29242
29244
29245
29246
29248
29253
29254
29263
29264
29272
29273
29276
29278
29283
29284
29287
29288
29296
29297
29301
29303
29305
29306
29308
29314
29316
29322
29325
29328
29329
29330
29339
29340
29343
29352
29358
29366
29367
29375
29376
29382
29396
29399
29406
29408
29412
29418
29422
29425
29426
29433
29439
29441
29442
29446
29449
29451
29452
29454
29455
29456
29457
29466
29473
29478
29479
29480
29482
29488
29492
29498
29500
29501
29526
29538
29543
29545
29546
29550
29552
29559
29560
29564
29566
29571
29575
29583
29591
29609
29610
29612
29621
29622
29626
29629
29632
29640
29645
29648
29649
29650
29653
29654
29656
29657
29661
29662
29669
29671
29673
29675
29682
29683
29685
29699
29701
29702
29703
29706
29713
29720
29722
29727
29729
29730
29731
29740
29745
29754
29755
29758
29760
29763
29767
29770
29771
29772
29775
29780
29781
29782
29784
29788
29794
29810
29815
29828
29838
29839
29844
29846
29858
29859
29864
29866
29875
29884
29885
29887
29890
29891
29896
29897
29901
29903
29905
29913
29916
29918
29920
29924
29929
29930
29931
29932
29935
29936
29938
29939
29942
29944
29945
29949
29955
29960
29964
29972
29982
29991
30002
30014
30021
30032
30034
30035
30036
30044
30047
30049
30053
30058
30059
30061
30064
30071
30075
30078
30083
30085
30091
30092
30100
30101
30103
30108
30114
30116
30117
30119
30121
30125
30128
30129
30131
30135
30136
30138
30142
30144
30147
30148
30149
30161
30165
30169
30171
30174
30175
30183
30187
30190
30192
30196
30201
30202
30203
30209
30212
30218
30226
30227
30231
30234
30253
30256
30257
30258
30260
30264
30268
30270
30272
30273
30275
30282
30284
30285
30290
30299
30313
30319
30330
30335
30339
30348
30350
30357
30359
30361
30374
30377
30380
30381
30384
30390
30392
30393
30399
30401
30406
30417
30419
30422
30426
30427
30428
30433
30436
30450
30452
30453
30455
30456
30457
30462
30465
30478
30479
30482
30487
30488
30490
30492
30498
30499
30502
30507
30508
30512
30513
30515
30522
30524
30535
30538
30543
30544
30545
30551
30558
30563
30570
30577
30583
30589
30593
30599
30603
30608
30610
30611
30614
30618
30622
30625
30638
30653
30658
30660
30661
30673
30675
30678
30679
30680
30681
30685
30690
30696
30697
30701
30702
30710
30711
30715
30718
30723
30725
30728
30732
30746
30749
30750
30756
30770
30779
30786
30796
30798
30799
30800
30802
30811
30813
30814
30815
30823
30824
30830
30838
30839
30843
30847
30849
30860
30862
30864
30871
30872
30879
30882
30885
30887
30888
30890
30892
30900
30905
30906
30928
30929
30951
30953
30957
30972
30982
30984
30985
30994
30998
31001
31002
31003
31010
31011
31014
31016
31020
31023
31024
31027
31030
31031
31035
31050
31051
31056
31061
31062
31068
31072
31075
31079
31080
31084
31093
31097
31105
31108
31109
31127
31130
31132
31135
31152
31153
31154
31157
31160
31166
31168
31169
31175
31182
31186
31189
31190
31192
31194
31197
31214
31215
31220
31221
31222
31232
31242
31243
31251
31254
31261
31267
31270
31271
31273
31275
31286
31290
31292
31296
31298
31302
31304
31310
31316
31323
31324
31325
31333
31346
31348
31349
31359
31366
31368
31372
31378
31392
31394
31396
31401
31404
31412
31419
31420
31422
31427
31433
31435
31437
31439
31446
31449
31455
31465
31470
31474
31475
31479
31483
31484
31485
31490
31499
31502
31505
31507
31516
31517
31528
31530
31537
31541
31560
31561
31565
31582
31584
31590
31591
31592
31593
31595
31607
31608
31611
31614
31615
31616
31623
31626
31627
31629
31630
31638
31639
31640
31641
31642
31644
31650
31659
31667
31670
31675
31684
31687
31693
31694
31697
31701
31702
31714
31717
31719
31720
31725
31728
31742
31748
31766
31771
31772
31774
31778
31780
31781
31783
31784
31785
31788
31790
31791
31792
31793
31796
31802
31805
31813
31815
31816
31819
31826
31828
31829
31831
31835
31836
31838
31839
31841
31842
31844
31845
31856
31858
31860
31862
31864
31868
31869
31870
31871
31873
31874
31878
31883
31884
31885
31886
31892
31895
31898
31906
31908
31912
31914
31915
31916
31918
31919
31921
31934
31936
31941
31942
31950
31952
31954
31956
31959
31960
31962
31964
31967
31975
31981
31982
31986
31992
31993
31994
31997
32000
32006
32010
32014
32022
32026
32028
32030
32031
32040
32041
32044
32050
32060
32062
32066
32067
32072
32078
32083
32084
32087
32089
32106
32119
32123
32131
32133
32138
32143
32145
32151
32154
32157
32161
32162
32167
32173
32176
32179
32185
32186
32189
32201
32207
32208
32213
32215
32216
32218
32230
32231
32232
32236
32237
32241
32245
32249
32250
32251
32256
32257
32259
32263
32265
32276
32281
32282
32283
32286
32287
32289
32292
32293
32295
32298
32305
32310
32311
32314
32327
32334
32345
32348
32354
32363
32369
32370
32377
32381
32384
32387
32396
32405
32407
32420
32421
32425
32428
32438
32441
32443
32445
32457
32460
32464
32471
32475
32477
32478
32481
32485
32486
32491
32493
32497
32507
32509
32512
32513
32519
32531
32532
32535
32537
32542
32545
32548
32549
32551
32553
32557
32559
32560
32562
32565
32567
32576
32578
32579
32586
32589
32590
32595
32596
32598
32607
32611
32617
32619
32626
32628
32631
32634
32638
32641
32646
32647
32648
32650
32669
32673
32683
32690
32703
32705
32707
32709
32710
32711
32712
32721
32726
32728
32729
32735
32740
32741
32743
32745
32758
32770
32772
32773
32798
32800
32807
32809
32812
32813
32820
32821
32827
32831
32841
32848
32867
32868
32870
32871
32873
32875
32877
32885
32888
32889
32910
32911
32913
32917
32920
32921
32922
32928
32934
32939
32941
32944
32947
32952
32957
32958
32959
32964
32971
32978
32980
32984
32991
32999
33003
33012
33015
33017
33021
33027
33029
33030
33031
33032
33036
33038
33045
33047
33052
33060
33063
33064
33066
33069
33071
33072
33082
33084
33088
33089
33090
33093
33096
33100
33106
33110
33114
33116
33118
33125
33131
33136
33137
33147
33150
33154
33159
33160
33162
33164
33172
33180
33192
33200
33205
33214
33220
33225
33231
33233
33242
33248
33266
33275
33278
33281
33282
33288
33294
33295
33303
33306
33307
33311
33318
33319
33321
33322
33329
33333
33336
33344
33356
33359
33362
33372
33374
33378
33388
33390
33400
33405
33409
33411
33417
33420
33422
33428
33449
33452
33457
33458
33466
33469
33470
33471
33473
33487
33491
33495
33499
33501
33503
33505
33507
33525
33531
33535
33536
33547
33549
33553
33560
33574
33578
33588
33589
33591
33596
33600
33601
33606
33608
33610
33612
33613
33614
33621
33623
33626
33627
33629
33634
33635
33636
33640
33645
33646
33648
33652
33658
33668
33674
33676
33677
33690
33700
33712
33722
33725
33737
33742
33745
33747
33757
33762
33769
33770
33777
33778
33781
33782
33783
33789
33793
33794
33795
33796
33806
33807
33810
33811
33816
33817
33838
33844
33852
33853
33854
33861
33883
33885
33886
33888
33892
33896
33900
33906
33911
33923
33925
33932
33933
33937
33938
33939
33941
33946
33948
33953
33958
33960
33963
33964
33972
33976
33988
33990
34001
34002
34006
34008
34041
34044
34046
34047
34048
34063
34068
34074
34078
34079
34081
34082
34083
34092
34093
34102
34103
34111
34112
34117
34120
34127
34130
34132
34135
34139
34142
34143
34147
34149
34151
34159
34166
34167
34168
34170
34177
34178
34180
34181
34201
34206
34208
34211
34212
34215
34217
34222
34223
34227
34228
34238
34239
34242
34246
34247
34253
34256
34257
34258
34266
34290
34292
34294
34295
34298
34299
34300
34308
34316
34319
34325
34329
34334
34335
34338
34341
34352
34364
34367
34372
34384
34388
34400
34403
34404
34410
34412
34414
34421
34427
34431
34432
34435
34436
34445
34447
34448
34450
34451
34452
34459
34462
34467
34476
34478
34480
34487
34488
34494
34497
34500
34505
34508
34510
34515
34519
34520
34521
34522
34523
34526
34529
34530
34531
34536
34537
34538
34545
34558
34561
34562
34563
34574
34577
34580
34582
34583
34586
34587
34593
34596
34606
34609
34618
34619
34624
34636
34641
34654
34655
34664
34665
34668
34677
34684
34686
34693
34699
34707
34709
34711
34712
34721
34723
34730
34774
34777
34778
34779
34780
34786
34788
34791
34794
34800
34801
34806
34810
34812
34814
34820
34821
34826
34828
34832
34834
34835
34836
34842
34845
34848
34851
34852
34853
34855
34856
34869
34871
34872
34878
34880
34888
34891
34893
34894
34903
34904
34916
34923
34927
34942
34944
34945
34970
34984
34991
34992
34999
35001
35009
35010
35011
35023
35030
35031
35039
35043
35049
35050
35051
35053
35056
35057
35060
35063
35066
35071
35072
35080
35085
35086
35091
35102
35104
35105
35110
35112
35116
35118
35119
35124
35136
35142
35143
35146
35149
35150
35151
35153
35154
35157
35158
35160
35165
35170
35173
35177
35180
35181
35187
35195
35207
35208
35214
35227
35232
35234
35242
35243
35259
35261
35262
35263
35272
35281
35283
35289
35294
35304
35310
35314
35316
35317
35318
35320
35321
35326
35350
35351
35352
35357
35361
35362
35373
35379
35389
35392
35400
35410
35425
35437
35441
35446
35448
35452
35456
35463
35471
35472
35474
35477
35479
35488
35489
35493
35495
35510
35516
35530
35531
35532
35534
35536
35542
35544
35545
35548
35550
35552
35558
35569
35578
35579
35595
35602
35609
35611
35613
35617
35618
35619
35620
35621
35623
35624
35625
35627
35636
35637
35640
35641
35643
35644
35647
35655
35665
35669
35677
35680
35683
35690
35693
35704
35707
35711
35713
35717
35720
35721
35722
35723
35725
35726
35728
35729
35732
35733
35736
35737
35738
35744
35746
35749
35751
35759
35760
35761
35762
35768
35774
35782
35787
35788
35789
35790
35796
35815
35826
35827
35841
35844
35851
35852
35854
35865
35866
35867
35877
35886
35893
35900
35908
35911
35913
35919
35921
35922
35926
35928
35932
35940
35946
35950
35954
35957
35959
35960
35964
35965
35966
35968
35973
35975
35983
35987
35988
35990
36005
36006
36010
36011
36013
36021
36022
36024
36025
36027
36038
36040
36047
36048
36059
36061
36064
36096
36100
36104
36105
36106
36112
36113
36114
36116
36117
36122
36127
36128
36134
36136
36139
36140
36142
36150
36168
36176
36182
36183
36194
36198
36199
36204
36207
36211
36212
36213
36214
36223
36231
36242
36243
36253
36254
36258
36266
36272
36278
36284
36285
36286
36289
36291
36292
36293
36294
36296
36300
36309
36310
36312
36325
36326
36327
36328
36331
36332
36336
36343
36346
36347
36350
36355
36358
36359
36361
36364
36368
36372
36378
36385
36386
36388
36390
36394
36395
36396
36397
36398
36404
36408
36410
36420
36423
36426
36429
36431
36434
36436
36439
36458
36463
36469
36479
36493
36497
36499
36504
36505
36516
36518
36519
36525
36526
36530
36534
36538
36561
36566
36569
36573
36581
36582
36584
36585
36591
36592
36593
36598
36607
36609
36611
36612
36617
36619
36620
36622
36625
36627
36628
36631
36635
36637
36639
36651
36653
36656
36665
36677
36687
36690
36705
36706
36708
36723
36731
36740
36743
36744
36747
36751
36755
36756
36759
36765
36766
36770
36776
36787
36788
36793
36805
36810
36811
36814
36818
36824
36826
36827
36839
36840
36853
36864
36867
36880
36881
36884
36889
36892
36895
36897
36904
36913
36923
36927
36930
36936
36941
36947
36953
36954
36960
36963
36967
36968
36978
36981
36982
36986
36987
36991
36993
36994
36995
36996
36998
37002
37007
37010
37013
37020
37021
37023
37026
37040
37045
37053
37059
37068
37069
37070
37082
37090
37094
37102
37103
37106
37110
37117
37125
37126
37127
37132
37150
37154
37156
37164
37170
37171
37186
37192
37195
37198
37208
37209
37226
37232
37235
37239
37240
37245
37247
37249
37258
37260
37261
37263
37265
37266
37268
37273
37274
37276
37286
37296
37299
37303
37304
37305
37321
37329
37330
37335
37339
37346
37348
37352
37354
37361
37366
37367
37374
37381
37384
37386
37390
37398
37412
37419
37423
37426
37431
37437
37439
37443
37445
37446
37449
37451
37460
37461
37464
37465
37467
37469
37473
37487
37490
37492
37495
37496
37498
37504
37506
37511
37515
37521
37524
37527
37531
37546
37554
37556
37561
37566
37568
37572
37577
37580
37582
37588
37589
37593
37594
37595
37596
37597
37608
37611
37645
37656
37663
37664
37667
37676
37677
37679
37681
37682
37685
37688
37690
37693
37694
37695
37696
37700
37703
37714
37718
37722
37724
37725
37727
37729
37733
37734
37735
37739
37743
37750
37755
37761
37763
37765
37771
37776
37780
37789
37791
37805
37807
37810
37815
37827
37829
37833
37837
37842
37847
37857
37858
37864
37882
37885
37888
37889
37895
37897
37899
37900
37907
37912
37917
37924
37926
37938
37941
37955
37959
37960
37961
37973
37974
37983
37984
37985
37987
37992
37999
38000
38028
38030
38034
38059
38066
38074
38078
38087
38095
38101
38102
38103
38105
38109
38114
38120
38127
38128
38129
38132
38134
38139
38142
38145
38152
38154
38165
38172
38177
38181
38183
38186
38190
38192
38197
38198
38200
38203
38209
38211
38218
38221
38232
38233
38236
38238
38239
38243
38244
38248
38251
38252
38253
38256
38261
38266
38273
38276
38278
38279
38280
38285
38288
38289
38290
38294
38295
38299
38301
38303
38304
38307
38309
38312
38324
38327
38331
38339
38341
38366
38369
38373
38374
38376
38379
38382
38384
38389
38394
38398
38414
38417
38421
38425
38428
38435
38442
38446
38464
38482
38485
38486
38488
38489
38491
38492
38494
38495
38500
38501
38507
38513
38515
38516
38518
38522
38526
38529
38534
38535
38541
38542
38543
38544
38546
38550
38552
38554
38564
38572
38573
38580
38583
38589
38590
38599
38600
38603
38606
38611
38615
38617
38618
38634
38637
38641
38642
38653
38657
38658
38660
38661
38662
38666
38668
38669
38672
38683
38684
38685
38690
38695
38696
38701
38703
38710
38715
38717
38727
38730
38737
38743
38749
38750
38753
38765
38776
38778
38796
38798
38802
38810
38814
38818
38820
38823
38824
38825
38826
38828
38830
38836
38837
38843
38845
38846
38856
38858
38859
38864
38871
38884
38891
38892
38894
38896
38902
38903
38907
38916
38926
38927
38929
38930
38931
38937
38944
38945
38951
38952
38955
38958
38967
38968
38970
38975
38977
38979
38994
38995
39005
39006
39008
39021
39025
39032
39037
39039
39041
39043
39046
39059
39063
39077
39078
39087
39099
39126
39140
39144
39145
39149
39152
39161
39165
39169
39170
39174
39185
39186
39191
39193
39197
39199
39219
39226
39234
39240
39245
39248
39265
39273
39276
39280
39283
39293
39294
39301
39302
39309
39311
39314
39319
39321
39324
39325
39326
39344
39350
39352
39360
39363
39364
39368
39379
39382
39384
39385
39392
39401
39419
39426
39443
39446
39450
39451
39453
39454
39460
39461
39470
39474
39475
39478
39479
39489
39490
39494
39502
39508
39519
39521
39530
39531
39533
39535
39553
39556
39560
39573
39575
39576
39577
39590
39594
39606
39609
39610
39616
39622
39625
39629
39634
39637
39639
39642
39645
39650
39651
39652
39656
39666
39669
39677
39679
39683
39686
39687
39689
39692
39693
39694
39697
39707
39715
39719
39724
39725
39740
39745
39751
39755
39761
39764
39768
39769
39772
39774
39777
39779
39780
39790
39791
39794
39796
39800
39803
39806
39814
39818
39819
39827
39831
39833
39838
39840
39849
39851
39852
39861
39867
39870
39903
39905
39908
39909
39912
39917
39922
39923
39925
39926
39929
39932
39935
39940
39942
39946
39947
39949
39952
39956
39957
39959
39966
39969
39973
39976
39989
39991
39992
39993
39994
40004
40010
40021
40023
40024
40026
40034
40038
40047
40050
40053
40054
40062
40067
40070
40076
40077
40080
40085
40091
40097
40099
40108
40110
40117
40123
40125
40128
40130
40137
40140
40141
40142
40146
40151
40157
40161
40162
40165
40167
40176
40185
40191
40193
40194
40202
40210
40219
40221
40222
40224
40237
40241
40249
40250
40251
40253
40254
40255
40256
40262
40265
40270
40277
40280
40285
40286
40288
40300
40301
40306
40310
40313
40314
40317
40322
40336
40351
40360
40363
40365
40368
40372
40373
40378
40380
40384
40389
40399
40400
40401
40403
40415
40420
40422
40425
40438
40449
40451
40452
40453
40458
40467
40469
40477
40482
40484
40489
40490
40494
40496
40499
40504
40506
40509
40510
40516
40519
40520
40524
40526
40531
40542
40555
40556
40560
40564
40565
40569
40573
40580
40585
40586
40588
40590
40592
40593
40594
40595
40596
40608
40614
40618
40620
40625
40631
40637
40638
40639
40644
40652
40653
40655
40660
40666
40667
40668
40675
40676
40678
40679
40681
40682
40683
40684
40686
40688
40694
40704
40712
40713
40721
40724
40732
40741
40750
40755
40756
40760
40765
40776
40777
40781
40795
40797
40812
40826
40829
40834
40836
40837
40840
40841
40847
40850
40856
40858
40863
40867
40870
40875
40876
40891
40897
40899
40901
40903
40906
40907
40908
40911
40914
40915
40916
40917
40920
40926
40931
40933
40937
40939
40940
40943
40945
40946
40950
40955
40960
40969
40975
40978
40979
40988
40995
40996
40997
41000
41003
41005
41008
41009
41012
41027
41033
41044
41048
41056
41069
41073
41074
41079
41085
41087
41094
41099
41100
41101
41106
41108
41114
41115
41137
41139
41149
41158
41159
41160
41168
41174
41175
41184
41188
41190
41191
41192
41197
41205
41207
41208
41209
41223
41226
41234
41238
41239
41243
41244
41247
41250
41252
41253
41259
41260
41262
41265
41272
41278
41282
41283
41284
41287
41292
41298
41302
41310
41313
41318
41325
41329
41331
41333
41335
41339
41346
41347
41351
41354
41355
41359
41360
41361
41363
41367
41373
41374
41375
41376
41379
41382
41384
41385
41386
41396
41405
41406
41407
41409
41410
41414
41424
41433
41442
41444
41445
41454
41464
41466
41468
41473
41475
41479
41482
41485
41492
41496
41499
41500
41506
41510
41514
41517
41519
41537
41538
41539
41542
41556
41561
41572
41575
41578
41582
41584
41598
41603
41607
41611
41620
41623
41625
41626
41633
41640
41641
41650
41655
41658
41665
41667
41674
41676
41677
41681
41683
41686
41697
41699
41705
41706
41708
41716
41717
41720
41721
41724
41727
41737
41738
41743
41744
41745
41747
41748
41750
41752
41757
41762
41768
41770
41776
41788
41793
41804
41808
41829
41837
41851
41856
41857
41865
41874
41876
41877
41878
41881
41893
41898
41908
41935
41937
41938
41943
41957
41968
41974
41979
41982
41985
41987
41993
41994
41997
42000
42001
42007
42009
42011
42013
42015
42019
42021
42022
42025
42033
42034
42046
42048
42058
42065
42066
42070
42071
42083
42093
42096
42108
42114
42115
42118
42122
42126
42133
42139
42140
42142
42147
42151
42154
42156
42181
42185
42194
42198
42200
42212
42213
42214
42215
42217
42219
42220
42222
42233
42236
42242
42245
42248
42250
42255
42256
42259
42262
42266
42269
42278
42284
42289
42294
42295
42298
42302
42308
42311
42316
42326
42343
42345
42346
42348
42357
42369
42371
42376
42379
42385
42388
42393
42399
42408
42416
42419
42420
42423
42425
42429
42432
42436
42438
42443
42453
42457
42459
42462
42465
42474
42475
42479
42481
42484
42486
42489
42490
42491
42493
42495
42500
42505
42509
42510
42514
42524
42537
42541
42542
42543
42552
42563
42569
42572
42577
42580
42585
42595
42597
42599
42607
42610
42613
42623
42625
42627
42633
42638
42649
42656
42657
42663
42668
42674
42676
42680
42687
42688
42690
42697
42700
42704
42709
42710
42713
42716
42737
42742
42753
42766
42775
42776
42785
42793
42794
42796
42806
42813
42816
42830
42837
42842
42851
42857
42859
42861
42863
42866
42869
42887
42889
42898
42901
42906
42908
42909
42924
42929
42940
42958
42968
42969
42982
42987
42992
42996
42997
43000
43006
43011
43015
43029
43031
43042
43044
43051
43052
43061
43062
43077
43081
43094
43099
43110
43122
43129
43131
43136
43138
43140
43141
43149
43159
43168
43172
43176
43178
43179
43185
43189
43190
43191
43194
43198
43201
43203
43209
43211
43216
43219
43220
43229
43230
43233
43234
43240
43256
43268
43275
43278
43281
43285
43288
43291
43298
43301
43307
43309
43310
43313
43323
43326
43336
43339
43340
43344
43359
43361
43376
43377
43379
43381
43389
43391
43392
43424
43427
43440
43441
43442
43444
43452
43455
43459
43460
43464
43465
43466
43470
43488
43493
43499
43503
43504
43512
43515
43517
43518
43519
43527
43536
43538
43543
43547
43548
43549
43551
43552
43555
43557
43561
43566
43577
43586
43587
43591
43599
43610
43619
43623
43629
43661
43665
43668
43672
43676
43677
43681
43683
43685
43687
43694
43702
43709
43713
43719
43720
43728
43735
43738
43739
43741
43755
43756
43771
43785
43792
43797
43798
43799
43804
43806
43807
43808
43813
43820
43825
43840
43841
43842
43857
43862
43871
43872
43887
43890
43894
43901
43908
43919
43922
43923
43930
43932
43948
43954
43958
43964
43969
43970
43971
43977
43981
43992
43998
44005
44009
44015
44016
44019
44020
44024
44026
44030
44036
44041
44042
44043
44044
44061
44062
44071
44079
44086
44092
44099
44103
44113
44114
44115
44124
44128
44129
44132
44141
44143
44149
44153
44158
44167
44170
44171
44173
44175
44181
44182
44184
44187
44188
44189
44191
44208
44214
44216
44221
44225
44229
44230
44237
44240
44248
44272
44275
44279
44281
44288
44291
44302
44310
44318
44320
44321
44323
44324
44325
44329
44334
44335
44345
44348
44350
44357
44359
44367
44369
44373
44375
44382
44385
44386
44395
44408
44410
44412
44427
44431
44433
44434
44436
44441
44453
44458
44460
44467
44470
44472
44479
44484
44488
44489
44490
44500
44504
44505
44520
44521
44532
44535
44536
44538
44541
44547
44548
44556
44559
44563
44568
44579
44580
44584
44603
44604
44609
44620
44622
44627
44628
44629
44634
44638
44644
44647
44649
44652
44654
44656
44718
44724
44734
44741
44743
44748
44752
44754
44755
44756
44757
44760
44769
44771
44773
44792
44798
44800
44804
44807
44815
44822
44824
44828
44832
44838
44842
44846
44865
44874
44878
44882
44885
44889
44893
44897
44899
44906
44908
44909
44910
44915
44917
44919
44922
44931
44935
44938
44941
44942
44952
44972
44980
44981
44982
44986
44987
44995
44996
45003
45008
45010
45012
45018
45020
45026
45032
45041
45043
45044
45053
45060
45066
45069
45070
45072
45073
45074
45078
45083
45085
45089
45090
45091
45094
45103
45107
45110
45128
45136
45138
45149
45151
45153
45158
45162
45164
45165
45166
45169
45170
45179
45188
45200
45201
45203
45206
45209
45211
45212
45217
45218
45219
45221
45224
45227
45233
45248
45256
45270
45272
45282
45285
45287
45291
45292
45293
45295
45296
45300
45301
45305
45307
45314
45315
45317
45320
45327
45334
45339
45342
45351
45353
45359
45361
45363
45367
45368
45374
45379
45383
45385
45388
45392
45399
45403
45404
45410
45418
45422
45435
45436
45441
45442
45444
45449
45453
45457
45459
45461
45463
45468
45477
45480
45491
45492
45500
45508
45513
45540
45543
45547
45553
45561
45563
45569
45573
45576
45591
45595
45608
45609
45613
45630
45641
45643
45644
45648
45653
45655
45656
45659
45660
45674
45676
45681
45685
45693
45696
45697
45700
45703
45705
45708
45718
45725
45729
45733
45737
45738
45739
45741
45742
45744
45746
45749
45753
45756
45758
45760
45766
45767
45771
45772
45776
45778
45783
45786
45787
45793
45800
45801
45813
45814
45815
45822
45828
45831
45838
45847
45850
45859
45860
45867
45869
45872
45875
45876
45877
45880
45896
45897
45901
45909
45916
45919
45926
45930
45931
45943
45944
45945
45947
45952
45957
45960
45968
45977
45979
45985
45992
45993
45994
45996
46003
46005
46007
46010
46013
46017
46023
46028
46030
46032
46036
46039
46051
46058
46064
46077
46079
46083
46099
46107
46111
46112
46119
46121
46123
46124
46125
46127
46128
46130
46132
46136
46139
46140
46141
46152
46154
46155
46157
46163
46165
46170
46175
46179
46181
46183
46185
46186
46191
46195
46199
46200
46203
46224
46227
46229
46235
46236
46240
46241
46243
46253
46258
46275
46279
46281
46287
46290
46294
46296
46300
46303
46310
46311
46314
46315
46316
46317
46322
46323
46331
46332
46338
46349
46351
46352
46354
46357
46361
46362
46371
46372
46373
46377
46382
46393
46394
46399
46400
46407
46409
46420
46426
46428
46436
46444
46445
46456
46457
46467
46470
46471
46477
46480
46481
46488
46489
46490
46500
46510
46516
46518
46520
46529
46534
46535
46537
46540
46542
46549
46553
46555
46571
46572
46581
46591
46595
46600
46601
46605
46607
46608
46616
46619
46627
46631
46641
46646
46648
46658
46661
46662
46663
46665
46668
46671
46675
46679
46683
46686
46687
46689
46708
46711
46716
46720
46722
46723
46735
46753
46758
46772
46774
46777
46781
46783
46784
46786
46790
46795
46796
46800
46805
46806
46807
46809
46811
46814
46815
46818
46819
46823
46830
46833
46839
46845
46846
46851
46854
46861
46862
46863
46873
46875
46876
46881
46883
46890
46899
46901
46903
46904
46920
46921
46930
46932
46934
46950
46955
46957
46959
46961
46966
46967
46973
46975
46980
46987
46990
46991
47007
47008
47012
47014
47017
47027
47035
47040
47044
47045
47047
47050
47052
47053
47060
47061
47064
47071
47074
47075
47076
47080
47087
47089
47093
47097
47100
47105
47108
47113
47116
47117
47120
47124
47129
47140
47142
47143
47144
47148
47151
47152
47153
47154
47157
47159
47163
47179
47187
47191
47192
47198
47217
47224
47236
47237
47238
47242
47248
47249
47256
47262
47263
47271
47273
47276
47278
47279
47280
47284
47287
47288
47289
47293
47294
47300
47303
47307
47308
47310
47314
47320
47324
47332
47338
47339
47343
47345
47351
47362
47363
47374
47378
47380
47388
47392
47393
47402
47417
47419
47422
47425
47426
47436
47440
47443
47444
47459
47463
47465
47469
47475
47488
47492
47495
47498
47499
47502
47508
47510
47512
47520
47522
47524
47532
47535
47540
47541
47543
47553
47554
47555
47561
47563
47566
47569
47571
47575
47576
47588
47598
47599
47604
47606
47619
47638
47649
47652
47654
47659
47664
47666
47671
47673
47674
47676
47681
47687
47690
47692
47694
47697
47698
47704
47705
47714
47722
47723
47727
47733
47742
47744
47759
47760
47763
47766
47770
47771
47775
47776
47778
47782
47783
47785
47790
47791
47798
47802
47809
47814
47820
47824
47830
47840
47846
47852
47859
47865
47867
47869
47876
47884
47885
47890
47894
47896
47897
47900
47907
47909
47914
47923
47927
47932
47935
47941
47946
47947
47956
47961
47962
47963
47967
47971
47980
47999
48016
48020
48031
48039
48042
48046
48047
48053
48057
48058
48059
48071
48073
48081
48083
48085
48087
48088
48090
48094
48095
48106
48109
48115
48118
48123
48124
48127
48137
48142
48149
48156
48181
48187
48200
48202
48206
48219
48220
48230
48235
48236
48237
48241
48243
48248
48250
48253
48257
48258
48261
48269
48271
48272
48283
48284
48296
48300
48302
48303
48313
48315
48316
48317
48318
48320
48326
48331
48337
48339
48342
48343
48347
48350
48357
48366
48369
48377
48378
48379
48383
48391
48392
48393
48395
48398
48402
48403
48409
48410
48411
48413
48418
48436
48439
48442
48448
48456
48457
48465
48466
48467
48468
48474
48480
48495
48503
48504
48517
48522
48524
48525
48527
48537
48539
48543
48544
48546
48548
48549
48550
48551
48556
48564
48571
48574
48579
48585
48590
48591
48592
48608
48618
48621
48632
48633
48639
48642
48646
48652
48653
48655
48656
48657
48660
48663
48664
48670
48671
48672
48673
48678
48679
48685
48692
48696
48698
48707
48708
48716
48717
48725
48730
48733
48762
48764
48772
48773
48778
48779
48780
48786
48788
48789
48803
48805
48808
48809
48812
48817
48818
48821
48830
48831
48835
48838
48841
48843
48847
48864
48870
48873
48881
48887
48893
48901
48903
48904
48905
48906
48907
48917
48920
48921
48926
48929
48931
48932
48936
48942
48944
48947
48949
48954
48956
48957
48958
48963
48969
48970
48973
48983
48986
48987
48989
48990
48992
48995
49004
49007
49010
49021
49022
49024
49031
49032
49037
49038
49051
49053
49054
49055
49056
49061
49064
49066
49070
49081
49082
49084
49087
49089
49095
49097
49100
49101
49105
49108
49114
49119
49120
49138
49141
49153
49154
49156
49162
49170
49171
49178
49179
49180
49191
49199
49203
49212
49216
49220
49222
49228
49230
49231
49244
49245
49249
49250
49253
49258
49259
49262
49265
49267
49271
49272
49278
49279
49280
49283
49285
49291
49293
49311
49312
49329
49330
49340
49345
49352
49364
49367
49370
49373
49375
49376
49379
49382
49395
49398
49400
49401
49402
49408
49410
49413
49417
49419
49423
49425
49427
49432
49433
49434
49437
49440
49448
49452
49455
49459
49468
49476
49477
49478
49488
49489
49491
49492
49496
49502
49504
49508
49513
49517
49518
49521
49530
49531
49532
49536
49537
49545
49546
49564
49567
49568
49570
49573
49574
49575
49581
49582
49598
49600
49606
49608
49610
49612
49613
49615
49616
49617
49621
49623
49628
49630
49633
49636
49643
49651
49654
49658
49661
49662
49665
49668
49670
49672
49673
49677
49678
49684
49688
49689
49691
49694
49697
49700
49706
49708
49711
49715
49726
49734
49735
49738
49739
49743
49746
49755
49756
49762
49770
49774
49783
49788
49793
49795
49796
49798
49809
49814
49819
49821
49822
49826
49827
49837
49839
49840
49844
49848
49862
49865
49868
49869
49870
49876
49882
49885
49886
49889
49893
49903
49918
49919
49921
49922
49948
49950
49951
49954
49957
49961
49965
49969
49970
49982
49987
49990
49992
49993
49996
50006
50007
50011
50012
50013
50022
50024
50026
50028
50032
50036
50037
50039
50040
50044
50046
50047
50054
50055
50058
50062
50066
50069
50070
50071
50072
50073
50075
50081
50088
50089
50090
50095
50103
50104
50109
50110
50116
50118
50120
50121
50123
